0.03877812251448631286621093750000
0.09403073787689208984375000000000
0.42041862010955810546875000000000
0.46384313702583312988281250000000
-0.05321682244539260864257812500000
-0.13028569519519805908203125000000
-0.26761224865913391113281250000000
-0.47663053870201110839843750000000
0.24733351171016693115234375000000
0.00349050853401422500610351562500
-0.12575931847095489501953125000000
-0.06524921208620071411132812500000
-0.27503347396850585937500000000000
0.07957853376865386962890625000000
0.07335054129362106323242187500000
0.05145258083939552307128906250000
-0.34103611111640930175781250000000
0.28958448767662048339843750000000
0.03090881742537021636962890625000
0.11766684055328369140625000000000
0.60523790121078491210937500000000
-0.20408688485622406005859375000000
-0.08074736595153808593750000000000
-0.05102120712399482727050781250000
-0.12522894144058227539062500000000
0.16657915711402893066406250000000
0.18998670578002929687500000000000
