0.03806630149483680725097656250000
0.00884655024856328964233398437500
0.04701917245984077453613281250000
0.09834770113229751586914062500000
-0.40836903452873229980468750000000
0.18153849244117736816406250000000
0.29524290561676025390625000000000
-0.19149409234523773193359375000000
1.07101428508758544921875000000000
0.81667232513427734375000000000000
-1.03006565570831298828125000000000
-0.72619634866714477539062500000000
-0.05013281479477882385253906250000
0.25596532225608825683593750000000
-0.13160772621631622314453125000000
-0.17283289134502410888671875000000
0.25710517168045043945312500000000
-0.02927523478865623474121093750000
-0.32378366589546203613281250000000
0.20103637874126434326171875000000
-0.12184182554483413696289062500000
-0.68680036067962646484375000000000
-0.98214238882064819335937500000000
0.54136228561401367187500000000000
0.19066807627677917480468750000000
0.92649108171463012695312500000000
0.33266356587409973144531250000000
